E.CHANNEL PLAICE 2010 WK (fleet) using 65% removal for the first quarter
103
UK BTS
1989 2015
1 1 0.5 0.75
1 6
1	3.788447278	15.84174454	28.92781015	31.65922311	4.001522347	1.719928838
1	9.240740741	9.391534392	11.12610229	11.7329806	12.59188713	1.526631393
1	16.79766082	14.52619883	11.47333333	8.681637427	8.635321637	4.595438596
1	22.36900448	21.30885136	6.601509238	6.635232891	7.165287536	5.41478012
1	4.588713282	20.18386471	7.991174056	2.788669951	2.867898194	2.379310345
1	9.349383294	8.536982471	10.069107	5.949230005	1.978158636	0.607687959
1	14.47674363	6.235688855	3.803187404	5.681729102	2.217665131	0.752688172
1	22.08845366	17.25957501	1.726292883	1.025960061	1.997404602	1.286498304
1	48.16868388	28.55290228	10.96975311	1.246356228	1.574976446	0.508762012
1	30.59028909	37.92656822	12.05926766	4.978760393	0.63015873	0.603174603
1	12.81530055	10.67308921	28.76980106	4.615970004	1.614363778	0.314754098
1	19.53439153	30.19130763	18.7549921	20.4674397	4.992730021	1.266886553
1	27.89746543	20.27269273	14.11678473	9.821979922	14.84437498	2.742908956
1	37.85658086	25.86257532	12.51234172	5.459544593	2.615522573	5.276166229
1	10.6180471	39.6995769	9.808562196	4.42211379	2.279042902	1.140752711
1	52.93409541	22.48353681	20.71867409	4.752691329	1.146637931	0.25862069
1	15.62086297	36.18198963	12.80020194	10.04266445	3.193260999	1.07002442
1	30.05553372	28.84938652	16.79554999	5.938130769	4.269269147	1.31237341
1	53.10674647	28.89682418	12.17276646	6.205438493	3.173046034	2.898568826
1	39.58320344	40.58292482	10.51362687	4.287710525	3.840916539	1.802628923
1	77.72852975	39.52655904	20.9154849	5.870844804	3.228464926	2.2655641
1	64.24344368	64.70278295	17.7364074	9.147851332	3.121933378	1.718848405
1	115.0723786	112.2201838	39.55065573	10.27846877	7.000712901	2.852740849
1	24.68534757	81.09898906	55.98116874	18.64696562	4.235352695	3.297818042
1	32.26126278	61.02410016	88.18959726	45.04011649	10.24459755	3.412996138
1	145.3309706	156.4738083	50.67153836	62.13022462	26.74530128	8.95289266
1	37.9938185	178.6999103	63.19044897	30.15164048	33.41920737	15.69257364
FR GFS
1993 2015
1 1 0.75 1
0 6
1	232.043673	867.4287825	344.8955655	125.8471964	31.95775576	8.658407294	10.29580058
1	468.6873402	347.4850899	147.8813318	67.5869541	26.21535399	11.64864337	23.90392068
1	30.31109096	336.4829915	364.1256753	142.0631517	101.1338633	27.18601262	62.22477303
1	772.6475838	243.7542288	180.6639785	26.61287034	12.91243045	15.06717884	21.62489462
1	537.6705039	800.7359722	267.0910349	245.8189993	20.77554292	8.553243504	48.00623797
1	551.307581	415.3329629	406.1840569	93.73531388	29.25984548	0		10.90751827
1	66.48803509	529.1169384	254.1312074	391.9698884	76.07206331	12.40518865	16.13907265
1	2347.630256	653.6328317	655.4144392	201.1331868	192.5924094	50.44978408	23.22766773
1	62.33445568	290.7759175	187.480178	81.58057049	75.11551463	35.3711402	10.06573995
1	36.12946343	584.8509981	302.5781267	189.7086834	69.77828026	51.39798788	29.15088487
1	698.1159828	304.0046636	459.9872198	81.80794176	16.76415083	17.21206297	18.51412587
1	67.80445759	388.3027747	280.7369211	137.0221533	39.95540279	4.34398821	28.61400632
1	105.131729	405.8614273	745.7793584	360.044779	114.1804689	32.06502689	23.44677833
1	2163.189914	684.3336833	447.4381101	152.028837	61.40122746	32.68785509	16.69521133
1	46.64407072	445.9575528	395.4247952	237.1863746	105.1123537	33.51809664	9.357811079
1	120.2912548	234.9552745	641.5887634	140.1203905	46.78900437	12.22972261	17.9283194
1	48.64792509	293.8251921	223.1196048	94.6317942	27.79955213	6.818007776	14.69504036
1	36.35674151	745.4712053	466.7700128	109.5448009	28.9907065	7.462612287	16.73740195
1	729.9309507	1973.877425	2370.235987	734.3266772	116.8307926	12.95513885	83.18886514
1	224.9627466	557.3119504	1503.569485	1282.016571	257.868084	97.02238431	30.54448245
1	304.3496741	716.3823413	566.9405571	1148.158737	288.3992466	88.07432429	19.32931389
1	75.67000444	556.2153375	470.0480369	542.6500799	708.5775162	172.2120331	32.59497121
1	4.177091265	96.75191687	682.9784779	556.4846423	152.7578738	173.2270411	61.85644206
IN YFS
1987 2006
1 1 0.5 0.75
1 1
1 1.44
1 1.3
1 0.6
1 0.7
1 0.6
1 1.8
1 0.8
1 0.8
1 1.7
1 0.7
1 0.8
1 0.8
1 0.8
1 0.48
1 0.83
1 0.92
1 0.2
1 0.78
1 0.17
1 0.3